[image]

width
1440

height
1080

[narrow_stereo]

camera matrix
1189.525515 0.000000 728.637755
0.000000 1183.426478 566.818828
0.000000 0.000000 1.000000

distortion
-0.231667 0.081172 0.000205 0.001020 0.000000

rectification
1.000000 0.000000 0.000000
0.000000 1.000000 0.000000
0.000000 0.000000 1.000000

projection
1086.188843 0.000000 731.588262 0.000000
0.000000 1123.811157 569.253161 0.000000
0.000000 0.000000 1.000000 0.000000


When we commit, following comes up in the terminal 
D = [-0.2364909197149232, 0.09037841331243952, -9.091405949805423e-05, 0.001536567533562297, 0.0]
K = [1190.2440304003892, 0.0, 729.660947406785, 0.0, 1183.8947337557224, 562.2194095063451, 0.0, 0.0, 1.0]
R = [1.0, 0.0, 0.0, 0.0, 1.0, 0.0, 0.0, 0.0, 1.0]
P = [1086.4560546875, 0.0, 733.6989293415099, 0.0, 0.0, 1123.68310546875, 563.9284137606737, 0.0, 0.0, 0.0, 1.0, 0.0]
# oST version 5.0 parameters

